12325232
6747815
3055149
2886698
2686612
2521564
2219580
1948626
1654461
1536097
1499641
1488252
1392121
1213792
1108975
1091737
1025360
924624
906092
890480
868075
844483
823302
817511
729737
721368
711825
706867
699944
699097
687357
668949
664908
619609
618124
597658
590146
575377
573285
539354
535547
527240
517451
515317
513118
512902
511168
508826
501325
477552
472906
464983
450785
444784
433656
430157
426757
423006
419652
413487
413418
411807
407252
403183
393115
391772
383917
379297
375011
368355
365855
365278
365212
361855
355901
355336
354317
348208
343132
341128
338197
337092
334376
332333
330845
329058
322750
317915
308482
306678
306480
306296
304302
300618
300559
293652
287526
286211
283677
283620
283542
281046
276982
276535
276264
273988
267036
265409
261501
259337
258248
256302
256223
254484
253608
250181
247032
246540
246433
242543
242018
241835
241518
240961
240590
240408
238648
238339
236042
235416
234259
233047
230378
230371
229458
225495
224013
223112
220444
218162
217698
217311
213685
213576
211965
211508
211352
210711
210589
208944
208008
207044
204722
203251
201635
198129
196500
'194390
191158
185706
184833
184240
183381
182644
182153
181173
179028
177662
177633
176688
176569
175568
175272
172135
170533
170222
170132
168641
165526
165525
164504
162693
162438
161957
159923
159080
158899
157349
156975
156492
156174
156126
155193
153585
153482
153033
152549
152327
151881
151335
150658
148130
146214
146005
145796
144088
142645
142301
141808
140937
140577
139583
139364
138204
137689
137349
137125
136602
136234
135783
135506
134819
134293
133865
133685
133490
133031
132642
132312
132138
131626
131365
131240
131210
130539
130346
-130009
129823
129765
129606
128914
127142
127027
126866
126701
126356
124883
124810
124159
123747
123684
123599
123400
123389
123281
123116
123096
123071
122967
122833
122581
122505
122497
121803
121335
120904
120041
119736
118516
118451
118370
118349
117825
117703
116797
115969
115363
115337
115144
114970
114503
114396
114352
114079
113121
112500
112058
112003
110983
110290
109897
109523
109392
108969
108192
107341
107337
106633
106422
106049
105809
105711
105548
105520
105255
105221
105087
104790
104783
104346
103800
103672
103497
103102
103101
103074
102775
102701
102380
102211
102065
102004
101937
101395
100764
100346